[result]
best_epoch=100
best_validation=0.07964400000000002
complete=1
cost_multiply_add=8568
epoch=100
max_epoch=100
schedule=0
training=0.079042
validation=0.07964400000000002
[statistics]
Output=1367
CostParameter=9138
CostAdd=342
CostMultiply=626
CostMultiplyAdd=8568
CostDivision=114
CostExp=114
CostIf=0
