[result]
best_epoch=100
best_validation=0.07939400000000002
complete=1
cost_multiply_add=10404
epoch=100
max_epoch=100
schedule=0
training=0.075732
validation=0.07939400000000002
[statistics]
Output=1359
CostParameter=10921
CostAdd=334
CostMultiply=612
CostMultiplyAdd=10404
CostDivision=117
CostExp=117
CostIf=0
