[result]
best_epoch=100
best_validation=0.081538
complete=1
cost_multiply_add=11016
epoch=100
max_epoch=100
schedule=0
training=0.08001900000000002
validation=0.081538
[statistics]
Output=1379
CostParameter=11606
CostAdd=354
CostMultiply=630
CostMultiplyAdd=11016
CostDivision=118
CostExp=118
CostIf=0
