[result]
best_epoch=100
best_validation=0.08741400000000002
complete=1
cost_multiply_add=1836
epoch=100
max_epoch=100
schedule=0
training=0.084952
validation=0.08741400000000002
[statistics]
Output=822
CostParameter=2351
CostAdd=309
CostMultiply=103
CostMultiplyAdd=1836
CostDivision=103
CostExp=103
CostIf=0
