[result]
best_epoch=100
best_validation=0.08394500000000002
complete=1
cost_multiply_add=6732
epoch=100
max_epoch=100
schedule=0
training=0.079361
validation=0.08394500000000002
[statistics]
Output=1347
CostParameter=7243
CostAdd=322
CostMultiply=612
CostMultiplyAdd=6732
CostDivision=111
CostExp=111
CostIf=0
