[result]
best_epoch=100
best_validation=0.075046
complete=1
cost_multiply_add=15912
epoch=100
max_epoch=100
schedule=0
training=0.07201200000000002
validation=0.075046
[statistics]
Output=1377
CostParameter=16438
CostAdd=352
CostMultiply=612
CostMultiplyAdd=15912
CostDivision=126
CostExp=126
CostIf=0
