[result]
best_epoch=100
best_validation=0.07987900000000002
complete=1
cost_multiply_add=2052
epoch=100
max_epoch=100
schedule=0
training=0.079909
validation=0.07987900000000002
[statistics]
Output=1471
CostParameter=2561
CostAdd=1342
CostMultiply=740
CostMultiplyAdd=2052
CostDivision=621
CostExp=621
CostIf=0
