[result]
best_epoch=100
best_validation=0.08025400000000002
complete=1
cost_multiply_add=11016
epoch=100
max_epoch=100
schedule=0
training=0.07789600000000002
validation=0.08025400000000002
[statistics]
Output=1361
CostParameter=11534
CostAdd=336
CostMultiply=612
CostMultiplyAdd=11016
CostDivision=118
CostExp=118
CostIf=0
