[result]
best_epoch=100
best_validation=0.07881000000000002
complete=1
cost_multiply_add=20808
epoch=100
max_epoch=100
schedule=0
training=0.075177
validation=0.07881000000000002
[statistics]
Output=1393
CostParameter=21342
CostAdd=368
CostMultiply=612
CostMultiplyAdd=20808
CostDivision=134
CostExp=134
CostIf=0
