[result]
best_epoch=100
best_validation=0.08140600000000002
complete=1
cost_multiply_add=2448
epoch=100
max_epoch=100
schedule=0
training=0.07865900000000002
validation=0.08140600000000002
[statistics]
Output=1333
CostParameter=2952
CostAdd=308
CostMultiply=612
CostMultiplyAdd=2448
CostDivision=104
CostExp=104
CostIf=0
