[result]
best_epoch=100
best_validation=0.591584
complete=1
cost_multiply_add=712
epoch=100
max_epoch=100
schedule=0
training=0.5708490000000002
validation=0.591584
[statistics]
Output=1585
CostParameter=1214
CostAdd=304
CostMultiply=612
CostMultiplyAdd=712
CostDivision=102
CostExp=102
CostIf=1024
