2503
2502
2502
2503
2502
2503
2502
2502
2503
2502
2503
2502
2502
2503
2502
2502
2503
2502
2503
2502
2502
2503
2502
2503
2502
2502
2503
2502
2503
2502
2502
2503
2502
2503
2502
2502
2503
2502
2503
2502
2502
2503
2502
2503
2502
2502
2503
2502
2502
2503
2502
2503
2502
2502
2503
2502
2503
2502
2502
2503
2502
2503
2502
2502
2503
2502
2503
2502
2502
2503
2502
2503
2502
2502
2503
2502
2503
2502
2502
2503
2502
2503
2502
2502
2503
2502
2502
2503
2502
2503
2502
2502
2503
2502
2503
2502
2502
2503
2502
2503
2502
2502
2503
2502
2503
2502
2502
2503
2502
2503
2502
2502
2503
2502
2503
2502
2502
2503
2502
2502
2503
2502
2503
2502
2502
2503
2502
2503
2502
2502
2522
2502
2503
2502
2502
2503
2502
2503
2502
2502
2503
2502
2502
2503
2502
2503
2502
2502
2503
2502
2503
2502
2502
2503
2502
2503
2502
2502
2503
2502
2503
2502
2502
2503
2502
2503
2502
2502
2503
2502
2503
2502
2502
2503
2502
2502
2503
2502
2503
2502
2502
2503
2502
2503
2502
2502
2503
2502
2503
2502
2502
2503
2502
2503
2502
2502
2503
2502
2503
2502
2502
2503
2502
2503
2502
2502
2503
2502
2502
2503
2502
2503
2502
2502
2503
2502
2503
2502
2502
2503
2502
2503
2502
2502
2503
2502
2503
2502
2502
2503
2502
2503
2502
2502
2503
2502
2503
2502
2502
2503
2502
2502
2503
2502
2503
2502
2502
2503
2502
2503
2502
2502
2503
2502
2503
2502
2502
2503
2502
2503
2502
2502
2503
2502
2503
2502
2502
2503
2502
2503
2502
2502
2503
2502
2502
2503
2502
2503
2502
2502
2503
2502
2503
2502
2502
2503
2502
2503
2502
2502
2503
2502
2503
2502
2502
2503
2502
2503
2502
2502
2503
2502
2503
2502
2502
2503
2502
2502
2503
2502
2503
2502
2502
2503
2502
2503
2502
2502
2503
2502
2503
2502
2502
2503
2502
2503
2502
2502
2503
2502
2503
2502
2502
2503
2502
2503
2502
2502
2503
2502
2502
2503
2502
2503
2502
2502
2503
2502
2503
2502
2502
2503
2502
2503
2502
2502
2503
2502
2503
2502
2502
2503
2502
2503
2502
2502
2503
2502
2503
2502
2502
2503
2502
2502
2503
2502
2503
2502
2502
2503
2502
2503
2502
2502
2503
2502
2503
2502
2502
2503
2502
2503
2502
2502
2503
2502
2503
2502
2502
2503
2502
2503
2502
2502
2503
2502
2502
2503
2502
2503
2502
2502
2503
2502
2503
2502
2502
2503
2502
2503
2502
2502
2503
2502
2503
2502
2502
2503
2502
2503
2502
2502
2503
2502
2503
2502
2502
2503
2502
2502
2503
2502
2503
2502
2502
2503
2502
2503
2502
2502
2503
2502
2503
2502
2502
2503
2502
2503
2502
2502
2503
2502
2503
2502
2502
2503
2502
2503
2502
2502
2503
2502
2502
2503
2502
2503
2502
2502
2503
2502
2503
2502
2502
2503
2502
2503
2502
2502
2503
2502
2503
2502
2502
2503
2502
2503
2502
2502
2503
2502
2503
2502
2502
2503
2502
2503
2502
2502
2503
2502
2502
2503
2502
2503
2502
2502
2503
2502
2503
2502
2502
2503
2502
2503
2502
2502
2503
2502
2503
2502
2521
2503
2502
2502
2503
2502
2503
2502
2502
2503
2502
2503
2502
2502
2503
2502
2503
2502
2502
2503
2502
2503
2502
2502
2503
2502
2503
2502
2502
2503
2502
2503
2502
2502
2503
2502
2502
2503
2502
2503
2502
2502
2503
2502
2503
2502
2502
2503
2502
2503
2502
2502
2503
2502
2503
2502
2502
2503
2502
2503
2502
2502
2503
2502
2503
2502
2502
2503
2502
2502
2503
2502
2503
2502
2502
2503
2502
2503
2502
2502
2503
2502
2503
2502
2502
2503
2502
2503
2502
2502
2503
2502
2503
2502
2502
2503
2502
2503
2502
2502
2503
2502
2502
2503
2502
2503
2502
2502
2503
2502
2503
2502
2502
2503
2502
2503
2502
2502
2503
2502
2503
2502
2502
2503
2502
2503
2502
2502
2503
2502
2503
2502
2502
2503
2502
2502
2503
2502
2503
2502
2502
2503
2502
2503
2502
2502
2503
2502
2503
2502
2502
2503
2502
2503
2502
2502
2503
2502
2503
2502
2502
2503
2502
2503
2502
2502
2503
2502
2502
2503
2502
2503
2502
2502
2503
2502
2503
2502
2502
2503
2502
2503
2502
2502
2503
2502
2503
2502
2502
2503
2502
2503
2502
2502
2503
2502
2503
2502
2502
2503
2502
2502
2503
2502
2503
2502
2502
2503
2502
2503
2502
2502
2503
2502
2503
2502
2502
2503
2502
2503
2502
2502
2503
2502
2503
2502
2502
2503
2502
2503
2502
2502
2503
2502
2502
2503
2502
2503
2502
2502
2503
2502
2503
2502
2502
2503
2502
2503
2502
2502
2503
2502
2503
2502
2502
2503
2502
2503
2502
2502
2503
2502
2503
2502
2502
2503
2502
2502
2503
2502
2503
2502
2502
2503
2502
2503
2502
2502
2503
2502
2503
2502
2502
2503
2502
2503
2502
2502
2503
2502
2503
2502
2502
2503
2502
2503
2502
2502
2503
2502
2502
2503
2502
2503
2502
2502
2503
2502
2503
2502
2502
2503
2502
2503
2502
2502
2503
2502
2503
2502
2502
2503
2502
2503
2502
2502
2503
2502
2503
2502
2502
2503
2502
2502
2503
2502
2503
2502
2502
2503
2502
2503
2502
2502
2503
2502
2503
2502
2502
2503
2502
2503
2502
2502
2503
2502
2503
2502
2502
2503
2502
2503
2502
2502
2503
2502
2502
2503
2502
2503
2502
2502
2503
2502
2503
2502
2502
2503
2502
2503
2502
2502
2503
2502
2503
2502
2502
2503
2502
2503
2502
2502
2503
2502
2503
2502
2502
2503
2502
2521
2503
2502
2503
2502
2502
2503
2502
2503
2502
2502
2503
2502
2503
2502
2502
2503
2502
2503
2502
2502
2503
2502
2503
2502
2502
2503
2502
2502
2503
2502
2503
2502
2502
2503
2502
2503
2502
2502
2503
2502
2503
2502
2502
2503
2502
2503
2502
2502
2503
2502
2503
2502
2502
2503
2502
2503
2502
2502
2503
2502
2502
2503
2502
2503
2502
2502
2503
2502
2503
2502
2502
2503
2502
2503
2502
2502
2503
2502
2503
2502
2502
2503
2502
2503
2502
2502
2503
2502
2503
2502
2502
2503
2502
