[result]
best_epoch=100
best_validation=0.576571
complete=1
cost_multiply_add=1224
epoch=100
max_epoch=100
schedule=0
training=0.5845860000000002
validation=0.576571
[statistics]
Output=1841
CostParameter=1726
CostAdd=1328
CostMultiply=612
CostMultiplyAdd=1224
CostDivision=614
CostExp=614
CostIf=0
