[result]
best_epoch=100
best_validation=0.079514
complete=1
cost_multiply_add=15912
epoch=100
max_epoch=100
schedule=0
training=0.07800700000000002
validation=0.079514
[statistics]
Output=1403
CostParameter=16542
CostAdd=378
CostMultiply=638
CostMultiplyAdd=15912
CostDivision=126
CostExp=126
CostIf=0
