[result]
best_epoch=100
best_validation=0.084519
complete=1
cost_multiply_add=29376
epoch=100
max_epoch=100
schedule=0
training=0.08269700000000002
validation=0.084519
[statistics]
Output=909
CostParameter=29924
CostAdd=396
CostMultiply=100
CostMultiplyAdd=29376
CostDivision=148
CostExp=148
CostIf=0
