[result]
best_epoch=100
best_validation=0.08097500000000002
complete=1
cost_multiply_add=912
epoch=100
max_epoch=100
schedule=0
training=0.080805
validation=0.08097500000000002
[statistics]
Output=1461
CostParameter=1416
CostAdd=1844
CostMultiply=228
CostMultiplyAdd=912
CostDivision=616
CostExp=616
CostIf=0
