[result]
best_epoch=100
best_validation=0.07134500000000002
complete=1
cost_multiply_add=3672
epoch=100
max_epoch=100
schedule=0
training=0.07043000000000002
validation=0.07134500000000002
[statistics]
Output=1343
CostParameter=4202
CostAdd=318
CostMultiply=618
CostMultiplyAdd=3672
CostDivision=106
CostExp=106
CostIf=0
